---
startPose:
  x: -54.0
  y: 54.0
  heading: -0.7853981633974483
startTangent: -1.2217304763960306
waypoints:
- position:
    x: -36.0
    y: 29.0
  heading: 1.0471975511965976
  tangent: -1.3962634015954636
  interpolationType: "SPLINE"
resolution: 0.25
version: 1
