---
startPose:
  x: -60.0
  y: 0.0
  heading: 0.0
startTangent: 0.0
waypoints:
- position:
    x: -54.0
    y: 54.0
  heading: -0.7853981633974483
  tangent: 1.5707963267948966
  interpolationType: "SPLINE"
resolution: 0.25
version: 1
